18   1
20   2
21   3
23   2
24   1
25   2
26   1
27   2
29   2
30   2
31   5
32   4
33   3
34   2
35   2
36   3
37   3
38   3
39   2
40   4
42   2
43   2
44   2
45   6
46   1
47   2
48   8
49   4
50   2
51   3
52   4
53   1
54   3
57   4
58   4
59   2
60   2
61   2
62   1
65   3
66   1
68   1
70   1
72   2
73   1
74   1
75   3
76   2
79   2
82   1
83   2
89   1
90   1
94   2
95   1
98   2
100   1
101   1
102   1
103   2
104   1
106   1
107   1
113   1
115   1
118   3
122   1
126   1
127   2
132   1
140   1
156   4
161   1
170   1
171   2
180   1
181   2
187   1
189   1
195   2
197   1
218   1
276   1